Enter the purchase price of your home: $285900.00
Enter the term of the loan in years: 30
Enter your down payment percentage: 10.0

Loan amount: $257,310.00
Loan type: 30-Year Fixed, 90% or less LTV at 6.886% APR
Monthly Payment = $1692.24
                           Amortization Table                           

Payment   Interest Payment   Principal Payment    Principal Balance      PMI   
   #            ($)                 ($)                  ($)             ($)   
==============================================================================
   0                                                257,310.00
   1         1,476.53              215.71           257,094.29          144.74
   2         1,475.29              216.95           256,877.34          144.74
   3         1,474.05              218.19           256,659.15          144.74
   4         1,472.80              219.44           256,439.71          144.74
   5         1,471.54              220.70           256,219.01          144.74
   6         1,470.27              221.97           255,997.04          144.74
   7         1,469.00              223.24           255,773.80          144.74
   8         1,467.72              224.52           255,549.28          144.74
   9         1,466.43              225.81           255,323.47          144.74
  10         1,465.13              227.11           255,096.36          144.74
  11         1,463.83              228.41           254,867.95          144.74
  12         1,462.52              229.72           254,638.23          144.74
  13         1,461.20              231.04           254,407.19          144.74
  14         1,459.87              232.37           254,174.82          144.74
  15         1,458.54              233.70           253,941.12          144.74
  16         1,457.20              235.04           253,706.08          144.74
  17         1,455.85              236.39           253,469.69          144.74
  18         1,454.49              237.75           253,231.94          144.74
  19         1,453.13              239.11           252,992.83          144.74
  20         1,451.76              240.48           252,752.35          144.74
  21         1,450.38              241.86           252,510.49          144.74
  22         1,448.99              243.25           252,267.24          144.74
  23         1,447.59              244.65           252,022.59          144.74
  24         1,446.19              246.05           251,776.54          144.74
  25         1,444.78              247.46           251,529.08          144.74
  26         1,443.36              248.88           251,280.20          144.74
  27         1,441.93              250.31           251,029.89          144.74
  28         1,440.49              251.75           250,778.14          144.74
  29         1,439.05              253.19           250,524.95          144.74
  30         1,437.60              254.64           250,270.31          144.74
  31         1,436.13              256.11           250,014.20          144.74
  32         1,434.66              257.58           249,756.62          144.74
  33         1,433.19              259.05           249,497.57          144.74
  34         1,431.70              260.54           249,237.03          144.74
  35         1,430.21              262.03           248,975.00          144.74
  36         1,428.70              263.54           248,711.46          144.74
  37         1,427.19              265.05           248,446.41          144.74
  38         1,425.67              266.57           248,179.84          144.74
  39         1,424.14              268.10           247,911.74          144.74
  40         1,422.60              269.64           247,642.10          144.74
  41         1,421.05              271.19           247,370.91          144.74
  42         1,419.50              272.74           247,098.17          144.74
  43         1,417.93              274.31           246,823.86          144.74
  44         1,416.36              275.88           246,547.98          144.74
  45         1,414.77              277.47           246,270.51          144.74
  46         1,413.18              279.06           245,991.45          144.74
  47         1,411.58              280.66           245,710.79          144.74
  48         1,409.97              282.27           245,428.52          144.74
  49         1,408.35              283.89           245,144.63          144.74
  50         1,406.72              285.52           244,859.11          144.74
  51         1,405.08              287.16           244,571.95          144.74
  52         1,403.44              288.80           244,283.15          144.74
  53         1,401.78              290.46           243,992.69          144.74
  54         1,400.11              292.13           243,700.56          144.74
  55         1,398.44              293.80           243,406.76          144.74
  56         1,396.75              295.49           243,111.27          144.74
  57         1,395.05              297.19           242,814.08          144.74
  58         1,393.35              298.89           242,515.19          144.74
  59         1,391.63              300.61           242,214.58          144.74
  60         1,389.91              302.33           241,912.25          144.74
  61         1,388.17              304.07           241,608.18          144.74
  62         1,386.43              305.81           241,302.37          144.74
  63         1,384.67              307.57           240,994.80          144.74
  64         1,382.91              309.33           240,685.47          144.74
  65         1,381.13              311.11           240,374.36          144.74
  66         1,379.35              312.89           240,061.47          144.74
  67         1,377.55              314.69           239,746.78          144.74
  68         1,375.75              316.49           239,430.29          144.74
  69         1,373.93              318.31           239,111.98          144.74
  70         1,372.10              320.14           238,791.84          144.74
  71         1,370.27              321.97           238,469.87          144.74
  72         1,368.42              323.82           238,146.05          144.74
  73         1,366.56              325.68           237,820.37          144.74
  74         1,364.69              327.55           237,492.82          144.74
  75         1,362.81              329.43           237,163.39          144.74
  76         1,360.92              331.32           236,832.07          144.74
  77         1,359.02              333.22           236,498.85          144.74
  78         1,357.11              335.13           236,163.72          144.74
  79         1,355.19              337.05           235,826.67          144.74
  80         1,353.25              338.99           235,487.68          144.74
  81         1,351.31              340.93           235,146.75          144.74
  82         1,349.35              342.89           234,803.86          144.74
  83         1,347.38              344.86           234,459.00          144.74
  84         1,345.40              346.84           234,112.16          144.74
  85         1,343.41              348.83           233,763.33          144.74
  86         1,341.41              350.83           233,412.50          144.74
  87         1,339.40              352.84           233,059.66          144.74
  88         1,337.37              354.87           232,704.79          144.74
  89         1,335.34              356.90           232,347.89          144.74
  90         1,333.29              358.95           231,988.94          144.74
  91         1,331.23              361.01           231,627.93          144.74
  92         1,329.16              363.08           231,264.85          144.74
  93         1,327.07              365.17           230,899.68          144.74
  94         1,324.98              367.26           230,532.42          144.74
  95         1,322.87              369.37           230,163.05          144.74
  96         1,320.75              371.49           229,791.56          144.74
  97         1,318.62              373.62           229,417.94          144.74
  98         1,316.48              375.76           229,042.18          144.74
  99         1,314.32              377.92           228,664.26          144.74
 100         1,312.15              380.09           228,284.17            0.00
 101         1,309.97              382.27           227,901.90            0.00
 102         1,307.78              384.46           227,517.44            0.00
 103         1,305.57              386.67           227,130.77            0.00
 104         1,303.35              388.89           226,741.88            0.00
 105         1,301.12              391.12           226,350.76            0.00
 106         1,298.88              393.36           225,957.40            0.00
 107         1,296.62              395.62           225,561.78            0.00
 108         1,294.35              397.89           225,163.89            0.00
 109         1,292.07              400.17           224,763.72            0.00
 110         1,289.77              402.47           224,361.25            0.00
 111         1,287.46              404.78           223,956.47            0.00
 112         1,285.14              407.10           223,549.37            0.00
 113         1,282.80              409.44           223,139.93            0.00
 114         1,280.45              411.79           222,728.14            0.00
 115         1,278.09              414.15           222,313.99            0.00
 116         1,275.71              416.53           221,897.46            0.00
 117         1,273.32              418.92           221,478.54            0.00
 118         1,270.92              421.32           221,057.22            0.00
 119         1,268.50              423.74           220,633.48            0.00
 120         1,266.07              426.17           220,207.31            0.00
 121         1,263.62              428.62           219,778.69            0.00
 122         1,261.16              431.08           219,347.61            0.00
 123         1,258.69              433.55           218,914.06            0.00
 124         1,256.20              436.04           218,478.02            0.00
 125         1,253.70              438.54           218,039.48            0.00
 126         1,251.18              441.06           217,598.42            0.00
 127         1,248.65              443.59           217,154.83            0.00
 128         1,246.11              446.13           216,708.70            0.00
 129         1,243.55              448.69           216,260.01            0.00
 130         1,240.97              451.27           215,808.74            0.00
 131         1,238.38              453.86           215,354.88            0.00
 132         1,235.78              456.46           214,898.42            0.00
 133         1,233.16              459.08           214,439.34            0.00
 134         1,230.52              461.72           213,977.62            0.00
 135         1,227.87              464.37           213,513.25            0.00
 136         1,225.21              467.03           213,046.22            0.00
 137         1,222.53              469.71           212,576.51            0.00
 138         1,219.83              472.41           212,104.10            0.00
 139         1,217.12              475.12           211,628.98            0.00
 140         1,214.40              477.84           211,151.14            0.00
 141         1,211.66              480.58           210,670.56            0.00
 142         1,208.90              483.34           210,187.22            0.00
 143         1,206.12              486.12           209,701.10            0.00
 144         1,203.33              488.91           209,212.19            0.00
 145         1,200.53              491.71           208,720.48            0.00
 146         1,197.71              494.53           208,225.95            0.00
 147         1,194.87              497.37           207,728.58            0.00
 148         1,192.02              500.22           207,228.36            0.00
 149         1,189.15              503.09           206,725.27            0.00
 150         1,186.26              505.98           206,219.29            0.00
 151         1,183.36              508.88           205,710.41            0.00
 152         1,180.43              511.81           205,198.60            0.00
 153         1,177.50              514.74           204,683.86            0.00
 154         1,174.54              517.70           204,166.16            0.00
 155         1,171.57              520.67           203,645.49            0.00
 156         1,168.59              523.65           203,121.84            0.00
 157         1,165.58              526.66           202,595.18            0.00
 158         1,162.56              529.68           202,065.50            0.00
 159         1,159.52              532.72           201,532.78            0.00
 160         1,156.46              535.78           200,997.00            0.00
 161         1,153.39              538.85           200,458.15            0.00
 162         1,150.30              541.94           199,916.21            0.00
 163         1,147.19              545.05           199,371.16            0.00
 164         1,144.06              548.18           198,822.98            0.00
 165         1,140.91              551.33           198,271.65            0.00
 166         1,137.75              554.49           197,717.16            0.00
 167         1,134.57              557.67           197,159.49            0.00
 168         1,131.37              560.87           196,598.62            0.00
 169         1,128.15              564.09           196,034.53            0.00
 170         1,124.91              567.33           195,467.20            0.00
 171         1,121.66              570.58           194,896.62            0.00
 172         1,118.38              573.86           194,322.76            0.00
 173         1,115.09              577.15           193,745.61            0.00
 174         1,111.78              580.46           193,165.15            0.00
 175         1,108.45              583.79           192,581.36            0.00
 176         1,105.10              587.14           191,994.22            0.00
 177         1,101.73              590.51           191,403.71            0.00
 178         1,098.34              593.90           190,809.81            0.00
 179         1,094.93              597.31           190,212.50            0.00
 180         1,091.50              600.74           189,611.76            0.00
 181         1,088.06              604.18           189,007.58            0.00
 182         1,084.59              607.65           188,399.93            0.00
 183         1,081.10              611.14           187,788.79            0.00
 184         1,077.59              614.65           187,174.14            0.00
 185         1,074.07              618.17           186,555.97            0.00
 186         1,070.52              621.72           185,934.25            0.00
 187         1,066.95              625.29           185,308.96            0.00
 188         1,063.36              628.88           184,680.08            0.00
 189         1,059.76              632.48           184,047.60            0.00
 190         1,056.13              636.11           183,411.49            0.00
 191         1,052.48              639.76           182,771.73            0.00
 192         1,048.81              643.43           182,128.30            0.00
 193         1,045.11              647.13           181,481.17            0.00
 194         1,041.40              650.84           180,830.33            0.00
 195         1,037.66              654.58           180,175.75            0.00
 196         1,033.91              658.33           179,517.42            0.00
 197         1,030.13              662.11           178,855.31            0.00
 198         1,026.33              665.91           178,189.40            0.00
 199         1,022.51              669.73           177,519.67            0.00
 200         1,018.67              673.57           176,846.10            0.00
 201         1,014.80              677.44           176,168.66            0.00
 202         1,010.91              681.33           175,487.33            0.00
 203         1,007.00              685.24           174,802.09            0.00
 204         1,003.07              689.17           174,112.92            0.00
 205           999.12              693.12           173,419.80            0.00
 206           995.14              697.10           172,722.70            0.00
 207           991.14              701.10           172,021.60            0.00
 208           987.12              705.12           171,316.48            0.00
 209           983.07              709.17           170,607.31            0.00
 210           979.00              713.24           169,894.07            0.00
 211           974.91              717.33           169,176.74            0.00
 212           970.79              721.45           168,455.29            0.00
 213           966.65              725.59           167,729.70            0.00
 214           962.49              729.75           166,999.95            0.00
 215           958.30              733.94           166,266.01            0.00
 216           954.09              738.15           165,527.86            0.00
 217           949.85              742.39           164,785.47            0.00
 218           945.59              746.65           164,038.82            0.00
 219           941.31              750.93           163,287.89            0.00
 220           937.00              755.24           162,532.65            0.00
 221           932.67              759.57           161,773.08            0.00
 222           928.31              763.93           161,009.15            0.00
 223           923.92              768.32           160,240.83            0.00
 224           919.52              772.72           159,468.11            0.00
 225           915.08              777.16           158,690.95            0.00
 226           910.62              781.62           157,909.33            0.00
 227           906.14              786.10           157,123.23            0.00
 228           901.63              790.61           156,332.62            0.00
 229           897.09              795.15           155,537.47            0.00
 230           892.53              799.71           154,737.76            0.00
 231           887.94              804.30           153,933.46            0.00
 232           883.32              808.92           153,124.54            0.00
 233           878.68              813.56           152,310.98            0.00
 234           874.01              818.23           151,492.75            0.00
 235           869.32              822.92           150,669.83            0.00
 236           864.59              827.65           149,842.18            0.00
 237           859.84              832.40           149,009.78            0.00
 238           855.07              837.17           148,172.61            0.00
 239           850.26              841.98           147,330.63            0.00
 240           845.43              846.81           146,483.82            0.00
 241           840.57              851.67           145,632.15            0.00
 242           835.69              856.55           144,775.60            0.00
 243           830.77              861.47           143,914.13            0.00
 244           825.83              866.41           143,047.72            0.00
 245           820.86              871.38           142,176.34            0.00
 246           815.86              876.38           141,299.96            0.00
 247           810.83              881.41           140,418.55            0.00
 248           805.77              886.47           139,532.08            0.00
 249           800.68              891.56           138,640.52            0.00
 250           795.57              896.67           137,743.85            0.00
 251           790.42              901.82           136,842.03            0.00
 252           785.25              906.99           135,935.04            0.00
 253           780.04              912.20           135,022.84            0.00
 254           774.81              917.43           134,105.41            0.00
 255           769.54              922.70           133,182.71            0.00
 256           764.25              927.99           132,254.72            0.00
 257           758.92              933.32           131,321.40            0.00
 258           753.57              938.67           130,382.73            0.00
 259           748.18              944.06           129,438.67            0.00
 260           742.76              949.48           128,489.19            0.00
 261           737.31              954.93           127,534.26            0.00
 262           731.83              960.41           126,573.85            0.00
 263           726.32              965.92           125,607.93            0.00
 264           720.78              971.46           124,636.47            0.00
 265           715.21              977.03           123,659.44            0.00
 266           709.60              982.64           122,676.80            0.00
 267           703.96              988.28           121,688.52            0.00
 268           698.29              993.95           120,694.57            0.00
 269           692.59              999.65           119,694.92            0.00
 270           686.85            1,005.39           118,689.53            0.00
 271           681.08            1,011.16           117,678.37            0.00
 272           675.28            1,016.96           116,661.41            0.00
 273           669.44            1,022.80           115,638.61            0.00
 274           663.57            1,028.67           114,609.94            0.00
 275           657.67            1,034.57           113,575.37            0.00
 276           651.73            1,040.51           112,534.86            0.00
 277           645.76            1,046.48           111,488.38            0.00
 278           639.76            1,052.48           110,435.90            0.00
 279           633.72            1,058.52           109,377.38            0.00
 280           627.64            1,064.60           108,312.78            0.00
 281           621.53            1,070.71           107,242.07            0.00
 282           615.39            1,076.85           106,165.22            0.00
 283           609.21            1,083.03           105,082.19            0.00
 284           603.00            1,089.24           103,992.95            0.00
 285           596.75            1,095.49           102,897.46            0.00
 286           590.46            1,101.78           101,795.68            0.00
 287           584.14            1,108.10           100,687.58            0.00
 288           577.78            1,114.46            99,573.12            0.00
 289           571.38            1,120.86            98,452.26            0.00
 290           564.95            1,127.29            97,324.97            0.00
 291           558.48            1,133.76            96,191.21            0.00
 292           551.98            1,140.26            95,050.95            0.00
 293           545.43            1,146.81            93,904.14            0.00
 294           538.85            1,153.39            92,750.75            0.00
 295           532.23            1,160.01            91,590.74            0.00
 296           525.58            1,166.66            90,424.08            0.00
 297           518.88            1,173.36            89,250.72            0.00
 298           512.15            1,180.09            88,070.63            0.00
 299           505.38            1,186.86            86,883.77            0.00
 300           498.57            1,193.67            85,690.10            0.00
 301           491.72            1,200.52            84,489.58            0.00
 302           484.83            1,207.41            83,282.17            0.00
 303           477.90            1,214.34            82,067.83            0.00
 304           470.93            1,221.31            80,846.52            0.00
 305           463.92            1,228.32            79,618.20            0.00
 306           456.88            1,235.36            78,382.84            0.00
 307           449.79            1,242.45            77,140.39            0.00
 308           442.66            1,249.58            75,890.81            0.00
 309           435.49            1,256.75            74,634.06            0.00
 310           428.28            1,263.96            73,370.10            0.00
 311           421.02            1,271.22            72,098.88            0.00
 312           413.73            1,278.51            70,820.37            0.00
 313           406.39            1,285.85            69,534.52            0.00
 314           399.01            1,293.23            68,241.29            0.00
 315           391.59            1,300.65            66,940.64            0.00
 316           384.13            1,308.11            65,632.53            0.00
 317           376.62            1,315.62            64,316.91            0.00
 318           369.07            1,323.17            62,993.74            0.00
 319           361.48            1,330.76            61,662.98            0.00
 320           353.84            1,338.40            60,324.58            0.00
 321           346.16            1,346.08            58,978.50            0.00
 322           338.44            1,353.80            57,624.70            0.00
 323           330.67            1,361.57            56,263.13            0.00
 324           322.86            1,369.38            54,893.75            0.00
 325           315.00            1,377.24            53,516.51            0.00
 326           307.10            1,385.14            52,131.37            0.00
 327           299.15            1,393.09            50,738.28            0.00
 328           291.15            1,401.09            49,337.19            0.00
 329           283.11            1,409.13            47,928.06            0.00
 330           275.03            1,417.21            46,510.85            0.00
 331           266.89            1,425.35            45,085.50            0.00
 332           258.72            1,433.52            43,651.98            0.00
 333           250.49            1,441.75            42,210.23            0.00
 334           242.22            1,450.02            40,760.21            0.00
 335           233.90            1,458.34            39,301.87            0.00
 336           225.53            1,466.71            37,835.16            0.00
 337           217.11            1,475.13            36,360.03            0.00
 338           208.65            1,483.59            34,876.44            0.00
 339           200.13            1,492.11            33,384.33            0.00
 340           191.57            1,500.67            31,883.66            0.00
 341           182.96            1,509.28            30,374.38            0.00
 342           174.30            1,517.94            28,856.44            0.00
 343           165.59            1,526.65            27,329.79            0.00
 344           156.83            1,535.41            25,794.38            0.00
 345           148.02            1,544.22            24,250.16            0.00
 346           139.16            1,553.08            22,697.08            0.00
 347           130.24            1,562.00            21,135.08            0.00
 348           121.28            1,570.96            19,564.12            0.00
 349           112.27            1,579.97            17,984.15            0.00
 350           103.20            1,589.04            16,395.11            0.00
 351            94.08            1,598.16            14,796.95            0.00
 352            84.91            1,607.33            13,189.62            0.00
 353            75.69            1,616.55            11,573.07            0.00
 354            66.41            1,625.83             9,947.24            0.00
 355            57.08            1,635.16             8,312.08            0.00
 356            47.70            1,644.54             6,667.54            0.00
 357            38.26            1,653.98             5,013.56            0.00
 358            28.77            1,663.47             3,350.09            0.00
 359            19.22            1,673.02             1,677.07            0.00
 360             9.62            1,682.62                -5.55            0.00
==============================================================================

Mortgage Summary
Total interest paid: $                                              351,890.85
Total payment to principal: $                                       257,310.00
Total PMI paid: $                                                    14,329.26
Total payments: $                                                   623,530.11
