Enter the purchase price of your home: $1000000.00
Enter the term of the loan in years: 10
Enter your down payment percentage: 5.0

Loan amount: $950,000.00
Loan type: 10-Year Fixed, 90.1-100% LTV at 5.825% APR
Monthly Payment = $10463.65
                           Amortization Table                           

Payment   Interest Payment   Principal Payment    Principal Balance      PMI   
   #            ($)                 ($)                  ($)             ($)   
==============================================================================
   0                                                950,000.00
   1         4,611.46            5,852.19           944,147.81          692.71
   2         4,583.05            5,880.60           938,267.21          692.71
   3         4,554.51            5,909.14           932,358.07          692.71
   4         4,525.82            5,937.83           926,420.24          692.71
   5         4,497.00            5,966.65           920,453.59          692.71
   6         4,468.04            5,995.61           914,457.98          692.71
   7         4,438.93            6,024.72           908,433.26          692.71
   8         4,409.69            6,053.96           902,379.30          692.71
   9         4,380.30            6,083.35           896,295.95          692.71
  10         4,350.77            6,112.88           890,183.07          692.71
  11         4,321.10            6,142.55           884,040.52          692.71
  12         4,291.28            6,172.37           877,868.15          692.71
  13         4,261.32            6,202.33           871,665.82          692.71
  14         4,231.21            6,232.44           865,433.38          692.71
  15         4,200.96            6,262.69           859,170.69          692.71
  16         4,170.56            6,293.09           852,877.60          692.71
  17         4,140.01            6,323.64           846,553.96          692.71
  18         4,109.31            6,354.34           840,199.62          692.71
  19         4,078.47            6,385.18           833,814.44          692.71
  20         4,047.47            6,416.18           827,398.26          692.71
  21         4,016.33            6,447.32           820,950.94          692.71
  22         3,985.03            6,478.62           814,472.32          692.71
  23         3,953.58            6,510.07           807,962.25          692.71
  24         3,921.98            6,541.67           801,420.58          692.71
  25         3,890.23            6,573.42           794,847.16          692.71
  26         3,858.32            6,605.33           788,241.83            0.00
  27         3,826.26            6,637.39           781,604.44            0.00
  28         3,794.04            6,669.61           774,934.83            0.00
  29         3,761.66            6,701.99           768,232.84            0.00
  30         3,729.13            6,734.52           761,498.32            0.00
  31         3,696.44            6,767.21           754,731.11            0.00
  32         3,663.59            6,800.06           747,931.05            0.00
  33         3,630.58            6,833.07           741,097.98            0.00
  34         3,597.41            6,866.24           734,231.74            0.00
  35         3,564.08            6,899.57           727,332.17            0.00
  36         3,530.59            6,933.06           720,399.11            0.00
  37         3,496.94            6,966.71           713,432.40            0.00
  38         3,463.12            7,000.53           706,431.87            0.00
  39         3,429.14            7,034.51           699,397.36            0.00
  40         3,394.99            7,068.66           692,328.70            0.00
  41         3,360.68            7,102.97           685,225.73            0.00
  42         3,326.20            7,137.45           678,088.28            0.00
  43         3,291.55            7,172.10           670,916.18            0.00
  44         3,256.74            7,206.91           663,709.27            0.00
  45         3,221.76            7,241.89           656,467.38            0.00
  46         3,186.60            7,277.05           649,190.33            0.00
  47         3,151.28            7,312.37           641,877.96            0.00
  48         3,115.78            7,347.87           634,530.09            0.00
  49         3,080.11            7,383.54           627,146.55            0.00
  50         3,044.27            7,419.38           619,727.17            0.00
  51         3,008.26            7,455.39           612,271.78            0.00
  52         2,972.07            7,491.58           604,780.20            0.00
  53         2,935.70            7,527.95           597,252.25            0.00
  54         2,899.16            7,564.49           589,687.76            0.00
  55         2,862.44            7,601.21           582,086.55            0.00
  56         2,825.55            7,638.10           574,448.45            0.00
  57         2,788.47            7,675.18           566,773.27            0.00
  58         2,751.21            7,712.44           559,060.83            0.00
  59         2,713.77            7,749.88           551,310.95            0.00
  60         2,676.16            7,787.49           543,523.46            0.00
  61         2,638.35            7,825.30           535,698.16            0.00
  62         2,600.37            7,863.28           527,834.88            0.00
  63         2,562.20            7,901.45           519,933.43            0.00
  64         2,523.84            7,939.81           511,993.62            0.00
  65         2,485.30            7,978.35           504,015.27            0.00
  66         2,446.57            8,017.08           495,998.19            0.00
  67         2,407.66            8,055.99           487,942.20            0.00
  68         2,368.55            8,095.10           479,847.10            0.00
  69         2,329.26            8,134.39           471,712.71            0.00
  70         2,289.77            8,173.88           463,538.83            0.00
  71         2,250.09            8,213.56           455,325.27            0.00
  72         2,210.22            8,253.43           447,071.84            0.00
  73         2,170.16            8,293.49           438,778.35            0.00
  74         2,129.90            8,333.75           430,444.60            0.00
  75         2,089.45            8,374.20           422,070.40            0.00
  76         2,048.80            8,414.85           413,655.55            0.00
  77         2,007.95            8,455.70           405,199.85            0.00
  78         1,966.91            8,496.74           396,703.11            0.00
  79         1,925.66            8,537.99           388,165.12            0.00
  80         1,884.22            8,579.43           379,585.69            0.00
  81         1,842.57            8,621.08           370,964.61            0.00
  82         1,800.72            8,662.93           362,301.68            0.00
  83         1,758.67            8,704.98           353,596.70            0.00
  84         1,716.42            8,747.23           344,849.47            0.00
  85         1,673.96            8,789.69           336,059.78            0.00
  86         1,631.29            8,832.36           327,227.42            0.00
  87         1,588.42            8,875.23           318,352.19            0.00
  88         1,545.33            8,918.32           309,433.87            0.00
  89         1,502.04            8,961.61           300,472.26            0.00
  90         1,458.54            9,005.11           291,467.15            0.00
  91         1,414.83            9,048.82           282,418.33            0.00
  92         1,370.91            9,092.74           273,325.59            0.00
  93         1,326.77            9,136.88           264,188.71            0.00
  94         1,282.42            9,181.23           255,007.48            0.00
  95         1,237.85            9,225.80           245,781.68            0.00
  96         1,193.07            9,270.58           236,511.10            0.00
  97         1,148.06            9,315.59           227,195.51            0.00
  98         1,102.84            9,360.81           217,834.70            0.00
  99         1,057.41            9,406.24           208,428.46            0.00
 100         1,011.75            9,451.90           198,976.56            0.00
 101           965.87            9,497.78           189,478.78            0.00
 102           919.76            9,543.89           179,934.89            0.00
 103           873.43            9,590.22           170,344.67            0.00
 104           826.88            9,636.77           160,707.90            0.00
 105           780.10            9,683.55           151,024.35            0.00
 106           733.10            9,730.55           141,293.80            0.00
 107           685.86            9,777.79           131,516.01            0.00
 108           638.40            9,825.25           121,690.76            0.00
 109           590.71            9,872.94           111,817.82            0.00
 110           542.78            9,920.87           101,896.95            0.00
 111           494.62            9,969.03            91,927.92            0.00
 112           446.23           10,017.42            81,910.50            0.00
 113           397.61           10,066.04            71,844.46            0.00
 114           348.74           10,114.91            61,729.55            0.00
 115           299.65           10,164.00            51,565.55            0.00
 116           250.31           10,213.34            41,352.21            0.00
 117           200.73           10,262.92            31,089.29            0.00
 118           150.91           10,312.74            20,776.55            0.00
 119           100.85           10,362.80            10,413.75            0.00
 120            50.55           10,413.10                 0.65            0.00
==============================================================================

Mortgage Summary
Total interest paid: $                                              305,638.65
Total payment to principal: $                                       950,000.00
Total PMI paid: $                                                    17,317.75
Total payments: $                                                 1,272,956.40
